1 0.0000 0.0000 -0.5000
2 1.7654 0.3512 -0.5000
3 1.8000 0.0000 -0.5000
4 0.0000 0.0000 0.0000
5 1.8000 0.0000 0.0000
6 1.7654 0.3512 0.0000
7 1.8000 0.0000 -0.5000
8 1.7654 0.3512 -0.5000
9 1.7654 0.3512 0.0000
10 1.8000 0.0000 0.0000
11 0.0000 0.0000 -0.5000
12 1.6630 0.6888 -0.5000
13 1.7654 0.3512 -0.5000
14 0.0000 0.0000 0.0000
15 1.7654 0.3512 0.0000
16 1.6630 0.6888 0.0000
17 1.7654 0.3512 -0.5000
18 1.6630 0.6888 -0.5000
19 1.6630 0.6888 0.0000
20 1.7654 0.3512 0.0000
21 0.0000 0.0000 -0.5000
22 1.4966 1.0000 -0.5000
23 1.6630 0.6888 -0.5000
24 0.0000 0.0000 0.0000
25 1.6630 0.6888 0.0000
26 1.4966 1.0000 0.0000
27 1.6630 0.6888 -0.5000
28 1.4966 1.0000 -0.5000
29 1.4966 1.0000 0.0000
30 1.6630 0.6888 0.0000
31 0.0000 0.0000 -0.5000
32 1.2728 1.2728 -0.5000
33 1.4966 1.0000 -0.5000
34 0.0000 0.0000 0.0000
35 1.4966 1.0000 0.0000
36 1.2728 1.2728 0.0000
37 1.4966 1.0000 -0.5000
38 1.2728 1.2728 -0.5000
39 1.2728 1.2728 0.0000
40 1.4966 1.0000 0.0000
41 0.0000 0.0000 -0.5000
42 1.0000 1.4966 -0.5000
43 1.2728 1.2728 -0.5000
44 0.0000 0.0000 0.0000
45 1.2728 1.2728 0.0000
46 1.0000 1.4966 0.0000
47 1.2728 1.2728 -0.5000
48 1.0000 1.4966 -0.5000
49 1.0000 1.4966 0.0000
50 1.2728 1.2728 0.0000
51 0.0000 0.0000 -0.5000
52 0.6888 1.6630 -0.5000
53 1.0000 1.4966 -0.5000
54 0.0000 0.0000 0.0000
55 1.0000 1.4966 0.0000
56 0.6888 1.6630 0.0000
57 1.0000 1.4966 -0.5000
58 0.6888 1.6630 -0.5000
59 0.6888 1.6630 0.0000
60 1.0000 1.4966 0.0000
61 0.0000 0.0000 -0.5000
62 0.3512 1.7654 -0.5000
63 0.6888 1.6630 -0.5000
64 0.0000 0.0000 0.0000
65 0.6888 1.6630 0.0000
66 0.3512 1.7654 0.0000
67 0.6888 1.6630 -0.5000
68 0.3512 1.7654 -0.5000
69 0.3512 1.7654 0.0000
70 0.6888 1.6630 0.0000
71 0.0000 0.0000 -0.5000
72 0.0000 1.8000 -0.5000
73 0.3512 1.7654 -0.5000
74 0.0000 0.0000 0.0000
75 0.3512 1.7654 0.0000
76 0.0000 1.8000 0.0000
77 0.3512 1.7654 -0.5000
78 0.0000 1.8000 -0.5000
79 0.0000 1.8000 0.0000
80 0.3512 1.7654 0.0000
81 0.0000 0.0000 -0.5000
82 -0.3512 1.7654 -0.5000
83 0.0000 1.8000 -0.5000
84 0.0000 0.0000 0.0000
85 0.0000 1.8000 0.0000
86 -0.3512 1.7654 0.0000
87 0.0000 1.8000 -0.5000
88 -0.3512 1.7654 -0.5000
89 -0.3512 1.7654 0.0000
90 0.0000 1.8000 0.0000
91 0.0000 0.0000 -0.5000
92 -0.6888 1.6630 -0.5000
93 -0.3512 1.7654 -0.5000
94 0.0000 0.0000 0.0000
95 -0.3512 1.7654 0.0000
96 -0.6888 1.6630 0.0000
97 -0.3512 1.7654 -0.5000
98 -0.6888 1.6630 -0.5000
99 -0.6888 1.6630 0.0000
100 -0.3512 1.7654 0.0000
101 0.0000 0.0000 -0.5000
102 -1.0000 1.4966 -0.5000
103 -0.6888 1.6630 -0.5000
104 0.0000 0.0000 0.0000
105 -0.6888 1.6630 0.0000
106 -1.0000 1.4966 0.0000
107 -0.6888 1.6630 -0.5000
108 -1.0000 1.4966 -0.5000
109 -1.0000 1.4966 0.0000
110 -0.6888 1.6630 0.0000
111 0.0000 0.0000 -0.5000
112 -1.2728 1.2728 -0.5000
113 -1.0000 1.4966 -0.5000
114 0.0000 0.0000 0.0000
115 -1.0000 1.4966 0.0000
116 -1.2728 1.2728 0.0000
117 -1.0000 1.4966 -0.5000
118 -1.2728 1.2728 -0.5000
119 -1.2728 1.2728 0.0000
120 -1.0000 1.4966 0.0000
121 0.0000 0.0000 -0.5000
122 -1.4966 1.0000 -0.5000
123 -1.2728 1.2728 -0.5000
124 0.0000 0.0000 0.0000
125 -1.2728 1.2728 0.0000
126 -1.4966 1.0000 0.0000
127 -1.2728 1.2728 -0.5000
128 -1.4966 1.0000 -0.5000
129 -1.4966 1.0000 0.0000
130 -1.2728 1.2728 0.0000
131 0.0000 0.0000 -0.5000
132 -1.6630 0.6888 -0.5000
133 -1.4966 1.0000 -0.5000
134 0.0000 0.0000 0.0000
135 -1.4966 1.0000 0.0000
136 -1.6630 0.6888 0.0000
137 -1.4966 1.0000 -0.5000
138 -1.6630 0.6888 -0.5000
139 -1.6630 0.6888 0.0000
140 -1.4966 1.0000 0.0000
141 0.0000 0.0000 -0.5000
142 -1.7654 0.3512 -0.5000
143 -1.6630 0.6888 -0.5000
144 0.0000 0.0000 0.0000
145 -1.6630 0.6888 0.0000
146 -1.7654 0.3512 0.0000
147 -1.6630 0.6888 -0.5000
148 -1.7654 0.3512 -0.5000
149 -1.7654 0.3512 0.0000
150 -1.6630 0.6888 0.0000
151 0.0000 0.0000 -0.5000
152 -1.8000 0.0000 -0.5000
153 -1.7654 0.3512 -0.5000
154 0.0000 0.0000 0.0000
155 -1.7654 0.3512 0.0000
156 -1.8000 0.0000 0.0000
157 -1.7654 0.3512 -0.5000
158 -1.8000 0.0000 -0.5000
159 -1.8000 0.0000 0.0000
160 -1.7654 0.3512 0.0000
161 0.0000 0.0000 -0.5000
162 -1.7654 -0.3512 -0.5000
163 -1.8000 0.0000 -0.5000
164 0.0000 0.0000 0.0000
165 -1.8000 0.0000 0.0000
166 -1.7654 -0.3512 0.0000
167 -1.8000 0.0000 -0.5000
168 -1.7654 -0.3512 -0.5000
169 -1.7654 -0.3512 0.0000
170 -1.8000 0.0000 0.0000
171 0.0000 0.0000 -0.5000
172 -1.6630 -0.6888 -0.5000
173 -1.7654 -0.3512 -0.5000
174 0.0000 0.0000 0.0000
175 -1.7654 -0.3512 0.0000
176 -1.6630 -0.6888 0.0000
177 -1.7654 -0.3512 -0.5000
178 -1.6630 -0.6888 -0.5000
179 -1.6630 -0.6888 0.0000
180 -1.7654 -0.3512 0.0000
181 0.0000 0.0000 -0.5000
182 -1.4966 -1.0000 -0.5000
183 -1.6630 -0.6888 -0.5000
184 0.0000 0.0000 0.0000
185 -1.6630 -0.6888 0.0000
186 -1.4966 -1.0000 0.0000
187 -1.6630 -0.6888 -0.5000
188 -1.4966 -1.0000 -0.5000
189 -1.4966 -1.0000 0.0000
190 -1.6630 -0.6888 0.0000
191 0.0000 0.0000 -0.5000
192 -1.2728 -1.2728 -0.5000
193 -1.4966 -1.0000 -0.5000
194 0.0000 0.0000 0.0000
195 -1.4966 -1.0000 0.0000
196 -1.2728 -1.2728 0.0000
197 -1.4966 -1.0000 -0.5000
198 -1.2728 -1.2728 -0.5000
199 -1.2728 -1.2728 0.0000
200 -1.4966 -1.0000 0.0000
201 0.0000 0.0000 -0.5000
202 -1.0000 -1.4966 -0.5000
203 -1.2728 -1.2728 -0.5000
204 0.0000 0.0000 0.0000
205 -1.2728 -1.2728 0.0000
206 -1.0000 -1.4966 0.0000
207 -1.2728 -1.2728 -0.5000
208 -1.0000 -1.4966 -0.5000
209 -1.0000 -1.4966 0.0000
210 -1.2728 -1.2728 0.0000
211 0.0000 0.0000 -0.5000
212 -0.6888 -1.6630 -0.5000
213 -1.0000 -1.4966 -0.5000
214 0.0000 0.0000 0.0000
215 -1.0000 -1.4966 0.0000
216 -0.6888 -1.6630 0.0000
217 -1.0000 -1.4966 -0.5000
218 -0.6888 -1.6630 -0.5000
219 -0.6888 -1.6630 0.0000
220 -1.0000 -1.4966 0.0000
221 0.0000 0.0000 -0.5000
222 -0.3512 -1.7654 -0.5000
223 -0.6888 -1.6630 -0.5000
224 0.0000 0.0000 0.0000
225 -0.6888 -1.6630 0.0000
226 -0.3512 -1.7654 0.0000
227 -0.6888 -1.6630 -0.5000
228 -0.3512 -1.7654 -0.5000
229 -0.3512 -1.7654 0.0000
230 -0.6888 -1.6630 0.0000
231 0.0000 0.0000 -0.5000
232 -0.0000 -1.8000 -0.5000
233 -0.3512 -1.7654 -0.5000
234 0.0000 0.0000 0.0000
235 -0.3512 -1.7654 0.0000
236 -0.0000 -1.8000 0.0000
237 -0.3512 -1.7654 -0.5000
238 -0.0000 -1.8000 -0.5000
239 -0.0000 -1.8000 0.0000
240 -0.3512 -1.7654 0.0000
241 0.0000 0.0000 -0.5000
242 0.3512 -1.7654 -0.5000
243 -0.0000 -1.8000 -0.5000
244 0.0000 0.0000 0.0000
245 -0.0000 -1.8000 0.0000
246 0.3512 -1.7654 0.0000
247 -0.0000 -1.8000 -0.5000
248 0.3512 -1.7654 -0.5000
249 0.3512 -1.7654 0.0000
250 -0.0000 -1.8000 0.0000
251 0.0000 0.0000 -0.5000
252 0.6888 -1.6630 -0.5000
253 0.3512 -1.7654 -0.5000
254 0.0000 0.0000 0.0000
255 0.3512 -1.7654 0.0000
256 0.6888 -1.6630 0.0000
257 0.3512 -1.7654 -0.5000
258 0.6888 -1.6630 -0.5000
259 0.6888 -1.6630 0.0000
260 0.3512 -1.7654 0.0000
261 0.0000 0.0000 -0.5000
262 1.0000 -1.4966 -0.5000
263 0.6888 -1.6630 -0.5000
264 0.0000 0.0000 0.0000
265 0.6888 -1.6630 0.0000
266 1.0000 -1.4966 0.0000
267 0.6888 -1.6630 -0.5000
268 1.0000 -1.4966 -0.5000
269 1.0000 -1.4966 0.0000
270 0.6888 -1.6630 0.0000
271 0.0000 0.0000 -0.5000
272 1.2728 -1.2728 -0.5000
273 1.0000 -1.4966 -0.5000
274 0.0000 0.0000 0.0000
275 1.0000 -1.4966 0.0000
276 1.2728 -1.2728 0.0000
277 1.0000 -1.4966 -0.5000
278 1.2728 -1.2728 -0.5000
279 1.2728 -1.2728 0.0000
280 1.0000 -1.4966 0.0000
281 0.0000 0.0000 -0.5000
282 1.4966 -1.0000 -0.5000
283 1.2728 -1.2728 -0.5000
284 0.0000 0.0000 0.0000
285 1.2728 -1.2728 0.0000
286 1.4966 -1.0000 0.0000
287 1.2728 -1.2728 -0.5000
288 1.4966 -1.0000 -0.5000
289 1.4966 -1.0000 0.0000
290 1.2728 -1.2728 0.0000
291 0.0000 0.0000 -0.5000
292 1.6630 -0.6888 -0.5000
293 1.4966 -1.0000 -0.5000
294 0.0000 0.0000 0.0000
295 1.4966 -1.0000 0.0000
296 1.6630 -0.6888 0.0000
297 1.4966 -1.0000 -0.5000
298 1.6630 -0.6888 -0.5000
299 1.6630 -0.6888 0.0000
300 1.4966 -1.0000 0.0000
301 0.0000 0.0000 -0.5000
302 1.7654 -0.3512 -0.5000
303 1.6630 -0.6888 -0.5000
304 0.0000 0.0000 0.0000
305 1.6630 -0.6888 0.0000
306 1.7654 -0.3512 0.0000
307 1.6630 -0.6888 -0.5000
308 1.7654 -0.3512 -0.5000
309 1.7654 -0.3512 0.0000
310 1.6630 -0.6888 0.0000
311 0.0000 0.0000 -0.5000
312 1.8000 -0.0000 -0.5000
313 1.7654 -0.3512 -0.5000
314 0.0000 0.0000 0.0000
315 1.7654 -0.3512 0.0000
316 1.8000 -0.0000 0.0000
317 1.7654 -0.3512 -0.5000
318 1.8000 -0.0000 -0.5000
319 1.8000 -0.0000 0.0000
320 1.7654 -0.3512 0.0000
321 -6.0000 0.0000 -0.5000
322 -6.0000 0.5004 -0.5000
323 -5.5000 0.7080 -0.5000
324 -5.5000 0.0000 -0.5000
325 -6.0000 0.0000 0.0000
326 -5.5000 0.0000 0.0000
327 -5.5000 0.7080 0.0000
328 -6.0000 0.5004 0.0000
329 -6.0000 0.5004 -0.5000
330 -6.0000 0.5004 0.0000
331 -5.5000 0.7080 0.0000
332 -5.5000 0.7080 -0.5000
333 -6.0000 0.0000 -0.5000
334 -5.5000 0.0000 -0.5000
335 -5.5000 0.0000 0.0000
336 -6.0000 0.0000 0.0000
337 -6.0000 0.0000 -0.5000
338 -6.0000 0.0000 0.0000
339 -6.0000 0.5004 0.0000
340 -6.0000 0.5004 -0.5000
341 -5.5000 0.0000 -0.5000
342 -5.5000 0.7080 -0.5000
343 -5.0000 0.8975 -0.5000
344 -5.0000 0.0000 -0.5000
345 -5.5000 0.0000 0.0000
346 -5.0000 0.0000 0.0000
347 -5.0000 0.8975 0.0000
348 -5.5000 0.7080 0.0000
349 -5.5000 0.7080 -0.5000
350 -5.5000 0.7080 0.0000
351 -5.0000 0.8975 0.0000
352 -5.0000 0.8975 -0.5000
353 -5.5000 0.0000 -0.5000
354 -5.0000 0.0000 -0.5000
355 -5.0000 0.0000 0.0000
356 -5.5000 0.0000 0.0000
357 -5.0000 0.0000 -0.5000
358 -5.0000 0.8975 -0.5000
359 -4.5000 1.0690 -0.5000
360 -4.5000 0.0000 -0.5000
361 -5.0000 0.0000 0.0000
362 -4.5000 0.0000 0.0000
363 -4.5000 1.0690 0.0000
364 -5.0000 0.8975 0.0000
365 -5.0000 0.8975 -0.5000
366 -5.0000 0.8975 0.0000
367 -4.5000 1.0690 0.0000
368 -4.5000 1.0690 -0.5000
369 -5.0000 0.0000 -0.5000
370 -4.5000 0.0000 -0.5000
371 -4.5000 0.0000 0.0000
372 -5.0000 0.0000 0.0000
373 -4.5000 0.0000 -0.5000
374 -4.5000 1.0690 -0.5000
375 -4.0000 1.2224 -0.5000
376 -4.0000 0.0000 -0.5000
377 -4.5000 0.0000 0.0000
378 -4.0000 0.0000 0.0000
379 -4.0000 1.2224 0.0000
380 -4.5000 1.0690 0.0000
381 -4.5000 1.0690 -0.5000
382 -4.5000 1.0690 0.0000
383 -4.0000 1.2224 0.0000
384 -4.0000 1.2224 -0.5000
385 -4.5000 0.0000 -0.5000
386 -4.0000 0.0000 -0.5000
387 -4.0000 0.0000 0.0000
388 -4.5000 0.0000 0.0000
389 -4.0000 0.0000 -0.5000
390 -4.0000 1.2224 -0.5000
391 -3.5000 1.3578 -0.5000
392 -3.5000 0.0000 -0.5000
393 -4.0000 0.0000 0.0000
394 -3.5000 0.0000 0.0000
395 -3.5000 1.3578 0.0000
396 -4.0000 1.2224 0.0000
397 -4.0000 1.2224 -0.5000
398 -4.0000 1.2224 0.0000
399 -3.5000 1.3578 0.0000
400 -3.5000 1.3578 -0.5000
401 -4.0000 0.0000 -0.5000
402 -3.5000 0.0000 -0.5000
403 -3.5000 0.0000 0.0000
404 -4.0000 0.0000 0.0000
405 -3.5000 0.0000 -0.5000
406 -3.5000 1.3578 -0.5000
407 -3.0000 1.4751 -0.5000
408 -3.0000 0.0000 -0.5000
409 -3.5000 0.0000 0.0000
410 -3.0000 0.0000 0.0000
411 -3.0000 1.4751 0.0000
412 -3.5000 1.3578 0.0000
413 -3.5000 1.3578 -0.5000
414 -3.5000 1.3578 0.0000
415 -3.0000 1.4751 0.0000
416 -3.0000 1.4751 -0.5000
417 -3.5000 0.0000 -0.5000
418 -3.0000 0.0000 -0.5000
419 -3.0000 0.0000 0.0000
420 -3.5000 0.0000 0.0000
421 -3.0000 0.0000 -0.5000
422 -3.0000 1.4751 -0.5000
423 -2.5000 1.5744 -0.5000
424 -2.5000 0.0000 -0.5000
425 -3.0000 0.0000 0.0000
426 -2.5000 0.0000 0.0000
427 -2.5000 1.5744 0.0000
428 -3.0000 1.4751 0.0000
429 -3.0000 1.4751 -0.5000
430 -3.0000 1.4751 0.0000
431 -2.5000 1.5744 0.0000
432 -2.5000 1.5744 -0.5000
433 -3.0000 0.0000 -0.5000
434 -2.5000 0.0000 -0.5000
435 -2.5000 0.0000 0.0000
436 -3.0000 0.0000 0.0000
437 -2.5000 0.0000 -0.5000
438 -2.5000 1.5744 -0.5000
439 -2.0000 1.6556 -0.5000
440 -2.0000 0.0000 -0.5000
441 -2.5000 0.0000 0.0000
442 -2.0000 0.0000 0.0000
443 -2.0000 1.6556 0.0000
444 -2.5000 1.5744 0.0000
445 -2.5000 1.5744 -0.5000
446 -2.5000 1.5744 0.0000
447 -2.0000 1.6556 0.0000
448 -2.0000 1.6556 -0.5000
449 -2.5000 0.0000 -0.5000
450 -2.0000 0.0000 -0.5000
451 -2.0000 0.0000 0.0000
452 -2.5000 0.0000 0.0000
453 -2.0000 0.0000 -0.5000
454 -2.0000 1.6556 -0.5000
455 -1.5000 1.7188 -0.5000
456 -1.5000 0.0000 -0.5000
457 -2.0000 0.0000 0.0000
458 -1.5000 0.0000 0.0000
459 -1.5000 1.7188 0.0000
460 -2.0000 1.6556 0.0000
461 -2.0000 1.6556 -0.5000
462 -2.0000 1.6556 0.0000
463 -1.5000 1.7188 0.0000
464 -1.5000 1.7188 -0.5000
465 -2.0000 0.0000 -0.5000
466 -1.5000 0.0000 -0.5000
467 -1.5000 0.0000 0.0000
468 -2.0000 0.0000 0.0000
469 -1.5000 0.0000 -0.5000
470 -1.5000 1.7188 -0.5000
471 -1.0000 1.7639 -0.5000
472 -1.0000 0.0000 -0.5000
473 -1.5000 0.0000 0.0000
474 -1.0000 0.0000 0.0000
475 -1.0000 1.7639 0.0000
476 -1.5000 1.7188 0.0000
477 -1.5000 1.7188 -0.5000
478 -1.5000 1.7188 0.0000
479 -1.0000 1.7639 0.0000
480 -1.0000 1.7639 -0.5000
481 -1.5000 0.0000 -0.5000
482 -1.0000 0.0000 -0.5000
483 -1.0000 0.0000 0.0000
484 -1.5000 0.0000 0.0000
485 -1.0000 0.0000 -0.5000
486 -1.0000 1.7639 -0.5000
487 -0.5000 1.7910 -0.5000
488 -0.5000 0.0000 -0.5000
489 -1.0000 0.0000 0.0000
490 -0.5000 0.0000 0.0000
491 -0.5000 1.7910 0.0000
492 -1.0000 1.7639 0.0000
493 -1.0000 1.7639 -0.5000
494 -1.0000 1.7639 0.0000
495 -0.5000 1.7910 0.0000
496 -0.5000 1.7910 -0.5000
497 -1.0000 0.0000 -0.5000
498 -0.5000 0.0000 -0.5000
499 -0.5000 0.0000 0.0000
500 -1.0000 0.0000 0.0000
501 -0.5000 0.0000 -0.5000
502 -0.5000 1.7910 -0.5000
503 0.0000 1.8000 -0.5000
504 0.0000 0.0000 -0.5000
505 -0.5000 0.0000 0.0000
506 0.0000 0.0000 0.0000
507 0.0000 1.8000 0.0000
508 -0.5000 1.7910 0.0000
509 -0.5000 1.7910 -0.5000
510 -0.5000 1.7910 0.0000
511 0.0000 1.8000 0.0000
512 0.0000 1.8000 -0.5000
513 -0.5000 0.0000 -0.5000
514 0.0000 0.0000 -0.5000
515 0.0000 0.0000 0.0000
516 -0.5000 0.0000 0.0000
517 0.0000 0.0000 -0.5000
518 0.0000 1.8000 -0.5000
519 0.0000 1.8000 0.0000
520 0.0000 0.0000 0.0000
521 0.0000 -1.8000 -0.5000
522 0.0000 0.0000 -0.5000
523 0.6000 0.0001 -0.5000
524 0.6000 -1.7749 -0.5000
525 0.0000 -1.8000 0.0000
526 0.6000 -1.7749 0.0000
527 0.6000 0.0001 0.0000
528 0.0000 0.0000 0.0000
529 0.0000 0.0000 -0.5000
530 0.0000 0.0000 0.0000
531 0.6000 0.0001 0.0000
532 0.6000 0.0001 -0.5000
533 0.0000 -1.8000 -0.5000
534 0.6000 -1.7749 -0.5000
535 0.6000 -1.7749 0.0000
536 0.0000 -1.8000 0.0000
537 0.0000 -1.8000 -0.5000
538 0.0000 -1.8000 0.0000
539 0.0000 0.0000 0.0000
540 0.0000 0.0000 -0.5000
541 0.6000 -1.7749 -0.5000
542 0.6000 0.0001 -0.5000
543 1.2000 -0.0028 -0.5000
544 1.2000 -1.7528 -0.5000
545 0.6000 -1.7749 0.0000
546 1.2000 -1.7528 0.0000
547 1.2000 -0.0028 0.0000
548 0.6000 0.0001 0.0000
549 0.6000 0.0001 -0.5000
550 0.6000 0.0001 0.0000
551 1.2000 -0.0028 0.0000
552 1.2000 -0.0028 -0.5000
553 0.6000 -1.7749 -0.5000
554 1.2000 -1.7528 -0.5000
555 1.2000 -1.7528 0.0000
556 0.6000 -1.7749 0.0000
557 1.2000 -1.7528 -0.5000
558 1.2000 -0.0028 -0.5000
559 1.8000 -0.0118 -0.5000
560 1.8000 -1.7368 -0.5000
561 1.2000 -1.7528 0.0000
562 1.8000 -1.7368 0.0000
563 1.8000 -0.0118 0.0000
564 1.2000 -0.0028 0.0000
565 1.2000 -0.0028 -0.5000
566 1.2000 -0.0028 0.0000
567 1.8000 -0.0118 0.0000
568 1.8000 -0.0118 -0.5000
569 1.2000 -1.7528 -0.5000
570 1.8000 -1.7368 -0.5000
571 1.8000 -1.7368 0.0000
572 1.2000 -1.7528 0.0000
573 1.8000 -1.7368 -0.5000
574 1.8000 -0.0118 -0.5000
575 2.4000 -0.0298 -0.5000
576 2.4000 -1.7298 -0.5000
577 1.8000 -1.7368 0.0000
578 2.4000 -1.7298 0.0000
579 2.4000 -0.0298 0.0000
580 1.8000 -0.0118 0.0000
581 1.8000 -0.0118 -0.5000
582 1.8000 -0.0118 0.0000
583 2.4000 -0.0298 0.0000
584 2.4000 -0.0298 -0.5000
585 1.8000 -1.7368 -0.5000
586 2.4000 -1.7298 -0.5000
587 2.4000 -1.7298 0.0000
588 1.8000 -1.7368 0.0000
589 2.4000 -1.7298 -0.5000
590 2.4000 -0.0298 -0.5000
591 3.0000 -0.0593 -0.5000
592 3.0000 -1.7343 -0.5000
593 2.4000 -1.7298 0.0000
594 3.0000 -1.7343 0.0000
595 3.0000 -0.0593 0.0000
596 2.4000 -0.0298 0.0000
597 2.4000 -0.0298 -0.5000
598 2.4000 -0.0298 0.0000
599 3.0000 -0.0593 0.0000
600 3.0000 -0.0593 -0.5000
601 2.4000 -1.7298 -0.5000
602 3.0000 -1.7343 -0.5000
603 3.0000 -1.7343 0.0000
604 2.4000 -1.7298 0.0000
605 3.0000 -1.7343 -0.5000
606 3.0000 -0.0593 -0.5000
607 3.6000 -0.1028 -0.5000
608 3.6000 -1.7528 -0.5000
609 3.0000 -1.7343 0.0000
610 3.6000 -1.7528 0.0000
611 3.6000 -0.1028 0.0000
612 3.0000 -0.0593 0.0000
613 3.0000 -0.0593 -0.5000
614 3.0000 -0.0593 0.0000
615 3.6000 -0.1028 0.0000
616 3.6000 -0.1028 -0.5000
617 3.0000 -1.7343 -0.5000
618 3.6000 -1.7528 -0.5000
619 3.6000 -1.7528 0.0000
620 3.0000 -1.7343 0.0000
621 3.6000 -1.7528 -0.5000
622 3.6000 -0.1028 -0.5000
623 4.2000 -0.1622 -0.5000
624 4.2000 -1.7872 -0.5000
625 3.6000 -1.7528 0.0000
626 4.2000 -1.7872 0.0000
627 4.2000 -0.1622 0.0000
628 3.6000 -0.1028 0.0000
629 3.6000 -0.1028 -0.5000
630 3.6000 -0.1028 0.0000
631 4.2000 -0.1622 0.0000
632 4.2000 -0.1622 -0.5000
633 3.6000 -1.7528 -0.5000
634 4.2000 -1.7872 -0.5000
635 4.2000 -1.7872 0.0000
636 3.6000 -1.7528 0.0000
637 4.2000 -1.7872 -0.5000
638 4.2000 -0.1622 -0.5000
639 4.8000 -0.2392 -0.5000
640 4.8000 -1.8392 -0.5000
641 4.2000 -1.7872 0.0000
642 4.8000 -1.8392 0.0000
643 4.8000 -0.2392 0.0000
644 4.2000 -0.1622 0.0000
645 4.2000 -0.1622 -0.5000
646 4.2000 -0.1622 0.0000
647 4.8000 -0.2392 0.0000
648 4.8000 -0.2392 -0.5000
649 4.2000 -1.7872 -0.5000
650 4.8000 -1.8392 -0.5000
651 4.8000 -1.8392 0.0000
652 4.2000 -1.7872 0.0000
653 4.8000 -1.8392 -0.5000
654 4.8000 -0.2392 -0.5000
655 5.4000 -0.3348 -0.5000
656 5.4000 -1.9098 -0.5000
657 4.8000 -1.8392 0.0000
658 5.4000 -1.9098 0.0000
659 5.4000 -0.3348 0.0000
660 4.8000 -0.2392 0.0000
661 4.8000 -0.2392 -0.5000
662 4.8000 -0.2392 0.0000
663 5.4000 -0.3348 0.0000
664 5.4000 -0.3348 -0.5000
665 4.8000 -1.8392 -0.5000
666 5.4000 -1.9098 -0.5000
667 5.4000 -1.9098 0.0000
668 4.8000 -1.8392 0.0000
669 5.4000 -1.9098 -0.5000
670 5.4000 -0.3348 -0.5000
671 6.0000 -0.4500 -0.5000
672 6.0000 -2.0000 -0.5000
673 5.4000 -1.9098 0.0000
674 6.0000 -2.0000 0.0000
675 6.0000 -0.4500 0.0000
676 5.4000 -0.3348 0.0000
677 5.4000 -0.3348 -0.5000
678 5.4000 -0.3348 0.0000
679 6.0000 -0.4500 0.0000
680 6.0000 -0.4500 -0.5000
681 5.4000 -1.9098 -0.5000
682 6.0000 -2.0000 -0.5000
683 6.0000 -2.0000 0.0000
684 5.4000 -1.9098 0.0000
685 6.0000 -2.0000 -0.5000
686 6.0000 -0.4500 -0.5000
687 6.6000 -0.5848 -0.5000
688 6.6000 -2.1098 -0.5000
689 6.0000 -2.0000 0.0000
690 6.6000 -2.1098 0.0000
691 6.6000 -0.5848 0.0000
692 6.0000 -0.4500 0.0000
693 6.0000 -0.4500 -0.5000
694 6.0000 -0.4500 0.0000
695 6.6000 -0.5848 0.0000
696 6.6000 -0.5848 -0.5000
697 6.0000 -2.0000 -0.5000
698 6.6000 -2.1098 -0.5000
699 6.6000 -2.1098 0.0000
700 6.0000 -2.0000 0.0000
701 6.6000 -2.1098 -0.5000
702 6.6000 -0.5848 -0.5000
703 7.2000 -0.7392 -0.5000
704 7.2000 -2.2392 -0.5000
705 6.6000 -2.1098 0.0000
706 7.2000 -2.2392 0.0000
707 7.2000 -0.7392 0.0000
708 6.6000 -0.5848 0.0000
709 6.6000 -0.5848 -0.5000
710 6.6000 -0.5848 0.0000
711 7.2000 -0.7392 0.0000
712 7.2000 -0.7392 -0.5000
713 6.6000 -2.1098 -0.5000
714 7.2000 -2.2392 -0.5000
715 7.2000 -2.2392 0.0000
716 6.6000 -2.1098 0.0000
717 7.2000 -2.2392 -0.5000
718 7.2000 -0.7392 -0.5000
719 7.8000 -0.9122 -0.5000
720 7.8000 -2.3872 -0.5000
721 7.2000 -2.2392 0.0000
722 7.8000 -2.3872 0.0000
723 7.8000 -0.9122 0.0000
724 7.2000 -0.7392 0.0000
725 7.2000 -0.7392 -0.5000
726 7.2000 -0.7392 0.0000
727 7.8000 -0.9122 0.0000
728 7.8000 -0.9122 -0.5000
729 7.2000 -2.2392 -0.5000
730 7.8000 -2.3872 -0.5000
731 7.8000 -2.3872 0.0000
732 7.2000 -2.2392 0.0000
733 7.8000 -2.3872 -0.5000
734 7.8000 -0.9122 -0.5000
735 8.4000 -1.1028 -0.5000
736 8.4000 -2.5528 -0.5000
737 7.8000 -2.3872 0.0000
738 8.4000 -2.5528 0.0000
739 8.4000 -1.1028 0.0000
740 7.8000 -0.9122 0.0000
741 7.8000 -0.9122 -0.5000
742 7.8000 -0.9122 0.0000
743 8.4000 -1.1028 0.0000
744 8.4000 -1.1028 -0.5000
745 7.8000 -2.3872 -0.5000
746 8.4000 -2.5528 -0.5000
747 8.4000 -2.5528 0.0000
748 7.8000 -2.3872 0.0000
749 8.4000 -2.5528 -0.5000
750 8.4000 -1.1028 -0.5000
751 9.0000 -1.3093 -0.5000
752 9.0000 -2.7343 -0.5000
753 8.4000 -2.5528 0.0000
754 9.0000 -2.7343 0.0000
755 9.0000 -1.3093 0.0000
756 8.4000 -1.1028 0.0000
757 8.4000 -1.1028 -0.5000
758 8.4000 -1.1028 0.0000
759 9.0000 -1.3093 0.0000
760 9.0000 -1.3093 -0.5000
761 8.4000 -2.5528 -0.5000
762 9.0000 -2.7343 -0.5000
763 9.0000 -2.7343 0.0000
764 8.4000 -2.5528 0.0000
765 9.0000 -2.7343 -0.5000
766 9.0000 -1.3093 -0.5000
767 9.6000 -1.5298 -0.5000
768 9.6000 -2.9298 -0.5000
769 9.0000 -2.7343 0.0000
770 9.6000 -2.9298 0.0000
771 9.6000 -1.5298 0.0000
772 9.0000 -1.3093 0.0000
773 9.0000 -1.3093 -0.5000
774 9.0000 -1.3093 0.0000
775 9.6000 -1.5298 0.0000
776 9.6000 -1.5298 -0.5000
777 9.0000 -2.7343 -0.5000
778 9.6000 -2.9298 -0.5000
779 9.6000 -2.9298 0.0000
780 9.0000 -2.7343 0.0000
781 9.6000 -2.9298 -0.5000
782 9.6000 -1.5298 -0.5000
783 10.2000 -1.7618 -0.5000
784 10.2000 -3.1368 -0.5000
785 9.6000 -2.9298 0.0000
786 10.2000 -3.1368 0.0000
787 10.2000 -1.7618 0.0000
788 9.6000 -1.5298 0.0000
789 9.6000 -1.5298 -0.5000
790 9.6000 -1.5298 0.0000
791 10.2000 -1.7618 0.0000
792 10.2000 -1.7618 -0.5000
793 9.6000 -2.9298 -0.5000
794 10.2000 -3.1368 -0.5000
795 10.2000 -3.1368 0.0000
796 9.6000 -2.9298 0.0000
797 10.2000 -3.1368 -0.5000
798 10.2000 -1.7618 -0.5000
799 10.8000 -2.0028 -0.5000
800 10.8000 -3.3528 -0.5000
801 10.2000 -3.1368 0.0000
802 10.8000 -3.3528 0.0000
803 10.8000 -2.0028 0.0000
804 10.2000 -1.7618 0.0000
805 10.2000 -1.7618 -0.5000
806 10.2000 -1.7618 0.0000
807 10.8000 -2.0028 0.0000
808 10.8000 -2.0028 -0.5000
809 10.2000 -3.1368 -0.5000
810 10.8000 -3.3528 -0.5000
811 10.8000 -3.3528 0.0000
812 10.2000 -3.1368 0.0000
813 10.8000 -3.3528 -0.5000
814 10.8000 -2.0028 -0.5000
815 11.4000 -2.2499 -0.5000
816 11.4000 -3.5749 -0.5000
817 10.8000 -3.3528 0.0000
818 11.4000 -3.5749 0.0000
819 11.4000 -2.2499 0.0000
820 10.8000 -2.0028 0.0000
821 10.8000 -2.0028 -0.5000
822 10.8000 -2.0028 0.0000
823 11.4000 -2.2499 0.0000
824 11.4000 -2.2499 -0.5000
825 10.8000 -3.3528 -0.5000
826 11.4000 -3.5749 -0.5000
827 11.4000 -3.5749 0.0000
828 10.8000 -3.3528 0.0000
829 11.4000 -3.5749 -0.5000
830 11.4000 -2.2499 -0.5000
831 12.0000 -2.5000 -0.5000
832 12.0000 -3.8000 -0.5000
833 11.4000 -3.5749 0.0000
834 12.0000 -3.8000 0.0000
835 12.0000 -2.5000 0.0000
836 11.4000 -2.2499 0.0000
837 11.4000 -2.2499 -0.5000
838 11.4000 -2.2499 0.0000
839 12.0000 -2.5000 0.0000
840 12.0000 -2.5000 -0.5000
841 11.4000 -3.5749 -0.5000
842 12.0000 -3.8000 -0.5000
843 12.0000 -3.8000 0.0000
844 11.4000 -3.5749 0.0000
845 12.0000 -3.8000 -0.5000
846 12.0000 -2.5000 -0.5000
847 12.0000 -2.5000 0.0000
848 12.0000 -3.8000 0.0000
849 5.8000 -0.4500 -0.5000
850 6.2000 -0.4500 -0.5000
851 6.2000 0.0000 -0.5000
852 5.8000 0.0000 -0.5000
853 5.8000 -0.4500 0.0000
854 6.2000 -0.4500 0.0000
855 6.2000 0.0000 0.0000
856 5.8000 0.0000 0.0000
857 0.0000 0.0000 -0.5000
858 0.4619 0.1913 -0.5000
859 0.5000 0.0000 -0.5000
860 0.0000 0.0000 0.6000
861 0.5000 0.0000 0.6000
862 0.4619 0.1913 0.6000
863 0.5000 0.0000 -0.5000
864 0.4619 0.1913 -0.5000
865 0.4619 0.1913 0.6000
866 0.5000 0.0000 0.6000
867 0.0000 0.0000 -0.5000
868 0.3536 0.3536 -0.5000
869 0.4619 0.1913 -0.5000
870 0.0000 0.0000 0.6000
871 0.4619 0.1913 0.6000
872 0.3536 0.3536 0.6000
873 0.4619 0.1913 -0.5000
874 0.3536 0.3536 -0.5000
875 0.3536 0.3536 0.6000
876 0.4619 0.1913 0.6000
877 0.0000 0.0000 -0.5000
878 0.1913 0.4619 -0.5000
879 0.3536 0.3536 -0.5000
880 0.0000 0.0000 0.6000
881 0.3536 0.3536 0.6000
882 0.1913 0.4619 0.6000
883 0.3536 0.3536 -0.5000
884 0.1913 0.4619 -0.5000
885 0.1913 0.4619 0.6000
886 0.3536 0.3536 0.6000
887 0.0000 0.0000 -0.5000
888 0.0000 0.5000 -0.5000
889 0.1913 0.4619 -0.5000
890 0.0000 0.0000 0.6000
891 0.1913 0.4619 0.6000
892 0.0000 0.5000 0.6000
893 0.1913 0.4619 -0.5000
894 0.0000 0.5000 -0.5000
895 0.0000 0.5000 0.6000
896 0.1913 0.4619 0.6000
897 0.0000 0.0000 -0.5000
898 -0.1913 0.4619 -0.5000
899 0.0000 0.5000 -0.5000
900 0.0000 0.0000 0.6000
901 0.0000 0.5000 0.6000
902 -0.1913 0.4619 0.6000
903 0.0000 0.5000 -0.5000
904 -0.1913 0.4619 -0.5000
905 -0.1913 0.4619 0.6000
906 0.0000 0.5000 0.6000
907 0.0000 0.0000 -0.5000
908 -0.3536 0.3536 -0.5000
909 -0.1913 0.4619 -0.5000
910 0.0000 0.0000 0.6000
911 -0.1913 0.4619 0.6000
912 -0.3536 0.3536 0.6000
913 -0.1913 0.4619 -0.5000
914 -0.3536 0.3536 -0.5000
915 -0.3536 0.3536 0.6000
916 -0.1913 0.4619 0.6000
917 0.0000 0.0000 -0.5000
918 -0.4619 0.1913 -0.5000
919 -0.3536 0.3536 -0.5000
920 0.0000 0.0000 0.6000
921 -0.3536 0.3536 0.6000
922 -0.4619 0.1913 0.6000
923 -0.3536 0.3536 -0.5000
924 -0.4619 0.1913 -0.5000
925 -0.4619 0.1913 0.6000
926 -0.3536 0.3536 0.6000
927 0.0000 0.0000 -0.5000
928 -0.5000 0.0000 -0.5000
929 -0.4619 0.1913 -0.5000
930 0.0000 0.0000 0.6000
931 -0.4619 0.1913 0.6000
932 -0.5000 0.0000 0.6000
933 -0.4619 0.1913 -0.5000
934 -0.5000 0.0000 -0.5000
935 -0.5000 0.0000 0.6000
936 -0.4619 0.1913 0.6000
937 0.0000 0.0000 -0.5000
938 -0.4619 -0.1913 -0.5000
939 -0.5000 0.0000 -0.5000
940 0.0000 0.0000 0.6000
941 -0.5000 0.0000 0.6000
942 -0.4619 -0.1913 0.6000
943 -0.5000 0.0000 -0.5000
944 -0.4619 -0.1913 -0.5000
945 -0.4619 -0.1913 0.6000
946 -0.5000 0.0000 0.6000
947 0.0000 0.0000 -0.5000
948 -0.3536 -0.3536 -0.5000
949 -0.4619 -0.1913 -0.5000
950 0.0000 0.0000 0.6000
951 -0.4619 -0.1913 0.6000
952 -0.3536 -0.3536 0.6000
953 -0.4619 -0.1913 -0.5000
954 -0.3536 -0.3536 -0.5000
955 -0.3536 -0.3536 0.6000
956 -0.4619 -0.1913 0.6000
957 0.0000 0.0000 -0.5000
958 -0.1913 -0.4619 -0.5000
959 -0.3536 -0.3536 -0.5000
960 0.0000 0.0000 0.6000
961 -0.3536 -0.3536 0.6000
962 -0.1913 -0.4619 0.6000
963 -0.3536 -0.3536 -0.5000
964 -0.1913 -0.4619 -0.5000
965 -0.1913 -0.4619 0.6000
966 -0.3536 -0.3536 0.6000
967 0.0000 0.0000 -0.5000
968 -0.0000 -0.5000 -0.5000
969 -0.1913 -0.4619 -0.5000
970 0.0000 0.0000 0.6000
971 -0.1913 -0.4619 0.6000
972 -0.0000 -0.5000 0.6000
973 -0.1913 -0.4619 -0.5000
974 -0.0000 -0.5000 -0.5000
975 -0.0000 -0.5000 0.6000
976 -0.1913 -0.4619 0.6000
977 0.0000 0.0000 -0.5000
978 0.1913 -0.4619 -0.5000
979 -0.0000 -0.5000 -0.5000
980 0.0000 0.0000 0.6000
981 -0.0000 -0.5000 0.6000
982 0.1913 -0.4619 0.6000
983 -0.0000 -0.5000 -0.5000
984 0.1913 -0.4619 -0.5000
985 0.1913 -0.4619 0.6000
986 -0.0000 -0.5000 0.6000
987 0.0000 0.0000 -0.5000
988 0.3536 -0.3536 -0.5000
989 0.1913 -0.4619 -0.5000
990 0.0000 0.0000 0.6000
991 0.1913 -0.4619 0.6000
992 0.3536 -0.3536 0.6000
993 0.1913 -0.4619 -0.5000
994 0.3536 -0.3536 -0.5000
995 0.3536 -0.3536 0.6000
996 0.1913 -0.4619 0.6000
997 0.0000 0.0000 -0.5000
998 0.4619 -0.1913 -0.5000
999 0.3536 -0.3536 -0.5000
1000 0.0000 0.0000 0.6000
1001 0.3536 -0.3536 0.6000
1002 0.4619 -0.1913 0.6000
1003 0.3536 -0.3536 -0.5000
1004 0.4619 -0.1913 -0.5000
1005 0.4619 -0.1913 0.6000
1006 0.3536 -0.3536 0.6000
1007 0.0000 0.0000 -0.5000
1008 0.5000 -0.0000 -0.5000
1009 0.4619 -0.1913 -0.5000
1010 0.0000 0.0000 0.6000
1011 0.4619 -0.1913 0.6000
1012 0.5000 -0.0000 0.6000
1013 0.4619 -0.1913 -0.5000
1014 0.5000 -0.0000 -0.5000
1015 0.5000 -0.0000 0.6000
1016 0.4619 -0.1913 0.6000
Faces:
1 2 3 .
4 5 6 .
7 8 9 10 .
11 12 13 .
14 15 16 .
17 18 19 20 .
21 22 23 .
24 25 26 .
27 28 29 30 .
31 32 33 .
34 35 36 .
37 38 39 40 .
41 42 43 .
44 45 46 .
47 48 49 50 .
51 52 53 .
54 55 56 .
57 58 59 60 .
61 62 63 .
64 65 66 .
67 68 69 70 .
71 72 73 .
74 75 76 .
77 78 79 80 .
81 82 83 .
84 85 86 .
87 88 89 90 .
91 92 93 .
94 95 96 .
97 98 99 100 .
101 102 103 .
104 105 106 .
107 108 109 110 .
111 112 113 .
114 115 116 .
117 118 119 120 .
121 122 123 .
124 125 126 .
127 128 129 130 .
131 132 133 .
134 135 136 .
137 138 139 140 .
141 142 143 .
144 145 146 .
147 148 149 150 .
151 152 153 .
154 155 156 .
157 158 159 160 .
161 162 163 .
164 165 166 .
167 168 169 170 .
171 172 173 .
174 175 176 .
177 178 179 180 .
181 182 183 .
184 185 186 .
187 188 189 190 .
191 192 193 .
194 195 196 .
197 198 199 200 .
201 202 203 .
204 205 206 .
207 208 209 210 .
211 212 213 .
214 215 216 .
217 218 219 220 .
221 222 223 .
224 225 226 .
227 228 229 230 .
231 232 233 .
234 235 236 .
237 238 239 240 .
241 242 243 .
244 245 246 .
247 248 249 250 .
251 252 253 .
254 255 256 .
257 258 259 260 .
261 262 263 .
264 265 266 .
267 268 269 270 .
271 272 273 .
274 275 276 .
277 278 279 280 .
281 282 283 .
284 285 286 .
287 288 289 290 .
291 292 293 .
294 295 296 .
297 298 299 300 .
301 302 303 .
304 305 306 .
307 308 309 310 .
311 312 313 .
314 315 316 .
317 318 319 320 .
321 322 323 324 .
325 326 327 328 .
329 330 331 332 .
333 334 335 336 .
337 338 339 340 .
341 342 343 344 .
345 346 347 348 .
349 350 351 352 .
353 354 355 356 .
357 358 359 360 .
361 362 363 364 .
365 366 367 368 .
369 370 371 372 .
373 374 375 376 .
377 378 379 380 .
381 382 383 384 .
385 386 387 388 .
389 390 391 392 .
393 394 395 396 .
397 398 399 400 .
401 402 403 404 .
405 406 407 408 .
409 410 411 412 .
413 414 415 416 .
417 418 419 420 .
421 422 423 424 .
425 426 427 428 .
429 430 431 432 .
433 434 435 436 .
437 438 439 440 .
441 442 443 444 .
445 446 447 448 .
449 450 451 452 .
453 454 455 456 .
457 458 459 460 .
461 462 463 464 .
465 466 467 468 .
469 470 471 472 .
473 474 475 476 .
477 478 479 480 .
481 482 483 484 .
485 486 487 488 .
489 490 491 492 .
493 494 495 496 .
497 498 499 500 .
501 502 503 504 .
505 506 507 508 .
509 510 511 512 .
513 514 515 516 .
517 518 519 520 .
521 522 523 524 .
525 526 527 528 .
529 530 531 532 .
533 534 535 536 .
537 538 539 540 .
541 542 543 544 .
545 546 547 548 .
549 550 551 552 .
553 554 555 556 .
557 558 559 560 .
561 562 563 564 .
565 566 567 568 .
569 570 571 572 .
573 574 575 576 .
577 578 579 580 .
581 582 583 584 .
585 586 587 588 .
589 590 591 592 .
593 594 595 596 .
597 598 599 600 .
601 602 603 604 .
605 606 607 608 .
609 610 611 612 .
613 614 615 616 .
617 618 619 620 .
621 622 623 624 .
625 626 627 628 .
629 630 631 632 .
633 634 635 636 .
637 638 639 640 .
641 642 643 644 .
645 646 647 648 .
649 650 651 652 .
653 654 655 656 .
657 658 659 660 .
661 662 663 664 .
665 666 667 668 .
669 670 671 672 .
673 674 675 676 .
677 678 679 680 .
681 682 683 684 .
685 686 687 688 .
689 690 691 692 .
693 694 695 696 .
697 698 699 700 .
701 702 703 704 .
705 706 707 708 .
709 710 711 712 .
713 714 715 716 .
717 718 719 720 .
721 722 723 724 .
725 726 727 728 .
729 730 731 732 .
733 734 735 736 .
737 738 739 740 .
741 742 743 744 .
745 746 747 748 .
749 750 751 752 .
753 754 755 756 .
757 758 759 760 .
761 762 763 764 .
765 766 767 768 .
769 770 771 772 .
773 774 775 776 .
777 778 779 780 .
781 782 783 784 .
785 786 787 788 .
789 790 791 792 .
793 794 795 796 .
797 798 799 800 .
801 802 803 804 .
805 806 807 808 .
809 810 811 812 .
813 814 815 816 .
817 818 819 820 .
821 822 823 824 .
825 826 827 828 .
829 830 831 832 .
833 834 835 836 .
837 838 839 840 .
841 842 843 844 .
845 846 847 848 .
849 850 851 852 .
853 856 855 854 .
849 853 854 850 .
852 851 855 856 .
849 852 856 853 .
850 854 855 851 .
857 858 859 .
860 861 862 .
863 864 865 866 .
867 868 869 .
870 871 872 .
873 874 875 876 .
877 878 879 .
880 881 882 .
883 884 885 886 .
887 888 889 .
890 891 892 .
893 894 895 896 .
897 898 899 .
900 901 902 .
903 904 905 906 .
907 908 909 .
910 911 912 .
913 914 915 916 .
917 918 919 .
920 921 922 .
923 924 925 926 .
927 928 929 .
930 931 932 .
933 934 935 936 .
937 938 939 .
940 941 942 .
943 944 945 946 .
947 948 949 .
950 951 952 .
953 954 955 956 .
957 958 959 .
960 961 962 .
963 964 965 966 .
967 968 969 .
970 971 972 .
973 974 975 976 .
977 978 979 .
980 981 982 .
983 984 985 986 .
987 988 989 .
990 991 992 .
993 994 995 996 .
997 998 999 .
1000 1001 1002 .
1003 1004 1005 1006 .
1007 1008 1009 .
1010 1011 1012 .
1013 1014 1015 1016 .
