1 0.0000 0.0000 0.0000
2 1.7654 -0.3512 0.0000
3 1.8000 -0.0000 0.0000
4 0.0000 0.0000 0.5000
5 1.8000 -0.0000 0.5000
6 1.7654 -0.3512 0.5000
7 1.8000 -0.0000 0.0000
8 1.7654 -0.3512 0.0000
9 1.7654 -0.3512 0.5000
10 1.8000 -0.0000 0.5000
11 0.0000 0.0000 0.0000
12 1.6630 -0.6888 0.0000
13 1.7654 -0.3512 0.0000
14 0.0000 0.0000 0.5000
15 1.7654 -0.3512 0.5000
16 1.6630 -0.6888 0.5000
17 1.7654 -0.3512 0.0000
18 1.6630 -0.6888 0.0000
19 1.6630 -0.6888 0.5000
20 1.7654 -0.3512 0.5000
21 0.0000 0.0000 0.0000
22 1.4966 -1.0000 0.0000
23 1.6630 -0.6888 0.0000
24 0.0000 0.0000 0.5000
25 1.6630 -0.6888 0.5000
26 1.4966 -1.0000 0.5000
27 1.6630 -0.6888 0.0000
28 1.4966 -1.0000 0.0000
29 1.4966 -1.0000 0.5000
30 1.6630 -0.6888 0.5000
31 0.0000 0.0000 0.0000
32 1.2728 -1.2728 0.0000
33 1.4966 -1.0000 0.0000
34 0.0000 0.0000 0.5000
35 1.4966 -1.0000 0.5000
36 1.2728 -1.2728 0.5000
37 1.4966 -1.0000 0.0000
38 1.2728 -1.2728 0.0000
39 1.2728 -1.2728 0.5000
40 1.4966 -1.0000 0.5000
41 0.0000 0.0000 0.0000
42 1.0000 -1.4966 0.0000
43 1.2728 -1.2728 0.0000
44 0.0000 0.0000 0.5000
45 1.2728 -1.2728 0.5000
46 1.0000 -1.4966 0.5000
47 1.2728 -1.2728 0.0000
48 1.0000 -1.4966 0.0000
49 1.0000 -1.4966 0.5000
50 1.2728 -1.2728 0.5000
51 0.0000 0.0000 0.0000
52 0.6888 -1.6630 0.0000
53 1.0000 -1.4966 0.0000
54 0.0000 0.0000 0.5000
55 1.0000 -1.4966 0.5000
56 0.6888 -1.6630 0.5000
57 1.0000 -1.4966 0.0000
58 0.6888 -1.6630 0.0000
59 0.6888 -1.6630 0.5000
60 1.0000 -1.4966 0.5000
61 0.0000 0.0000 0.0000
62 0.3512 -1.7654 0.0000
63 0.6888 -1.6630 0.0000
64 0.0000 0.0000 0.5000
65 0.6888 -1.6630 0.5000
66 0.3512 -1.7654 0.5000
67 0.6888 -1.6630 0.0000
68 0.3512 -1.7654 0.0000
69 0.3512 -1.7654 0.5000
70 0.6888 -1.6630 0.5000
71 0.0000 0.0000 0.0000
72 0.0000 -1.8000 0.0000
73 0.3512 -1.7654 0.0000
74 0.0000 0.0000 0.5000
75 0.3512 -1.7654 0.5000
76 0.0000 -1.8000 0.5000
77 0.3512 -1.7654 0.0000
78 0.0000 -1.8000 0.0000
79 0.0000 -1.8000 0.5000
80 0.3512 -1.7654 0.5000
81 0.0000 0.0000 0.0000
82 -0.3512 -1.7654 0.0000
83 0.0000 -1.8000 0.0000
84 0.0000 0.0000 0.5000
85 0.0000 -1.8000 0.5000
86 -0.3512 -1.7654 0.5000
87 0.0000 -1.8000 0.0000
88 -0.3512 -1.7654 0.0000
89 -0.3512 -1.7654 0.5000
90 0.0000 -1.8000 0.5000
91 0.0000 0.0000 0.0000
92 -0.6888 -1.6630 0.0000
93 -0.3512 -1.7654 0.0000
94 0.0000 0.0000 0.5000
95 -0.3512 -1.7654 0.5000
96 -0.6888 -1.6630 0.5000
97 -0.3512 -1.7654 0.0000
98 -0.6888 -1.6630 0.0000
99 -0.6888 -1.6630 0.5000
100 -0.3512 -1.7654 0.5000
101 0.0000 0.0000 0.0000
102 -1.0000 -1.4966 0.0000
103 -0.6888 -1.6630 0.0000
104 0.0000 0.0000 0.5000
105 -0.6888 -1.6630 0.5000
106 -1.0000 -1.4966 0.5000
107 -0.6888 -1.6630 0.0000
108 -1.0000 -1.4966 0.0000
109 -1.0000 -1.4966 0.5000
110 -0.6888 -1.6630 0.5000
111 0.0000 0.0000 0.0000
112 -1.2728 -1.2728 0.0000
113 -1.0000 -1.4966 0.0000
114 0.0000 0.0000 0.5000
115 -1.0000 -1.4966 0.5000
116 -1.2728 -1.2728 0.5000
117 -1.0000 -1.4966 0.0000
118 -1.2728 -1.2728 0.0000
119 -1.2728 -1.2728 0.5000
120 -1.0000 -1.4966 0.5000
121 0.0000 0.0000 0.0000
122 -1.4966 -1.0000 0.0000
123 -1.2728 -1.2728 0.0000
124 0.0000 0.0000 0.5000
125 -1.2728 -1.2728 0.5000
126 -1.4966 -1.0000 0.5000
127 -1.2728 -1.2728 0.0000
128 -1.4966 -1.0000 0.0000
129 -1.4966 -1.0000 0.5000
130 -1.2728 -1.2728 0.5000
131 0.0000 0.0000 0.0000
132 -1.6630 -0.6888 0.0000
133 -1.4966 -1.0000 0.0000
134 0.0000 0.0000 0.5000
135 -1.4966 -1.0000 0.5000
136 -1.6630 -0.6888 0.5000
137 -1.4966 -1.0000 0.0000
138 -1.6630 -0.6888 0.0000
139 -1.6630 -0.6888 0.5000
140 -1.4966 -1.0000 0.5000
141 0.0000 0.0000 0.0000
142 -1.7654 -0.3512 0.0000
143 -1.6630 -0.6888 0.0000
144 0.0000 0.0000 0.5000
145 -1.6630 -0.6888 0.5000
146 -1.7654 -0.3512 0.5000
147 -1.6630 -0.6888 0.0000
148 -1.7654 -0.3512 0.0000
149 -1.7654 -0.3512 0.5000
150 -1.6630 -0.6888 0.5000
151 0.0000 0.0000 0.0000
152 -1.8000 -0.0000 0.0000
153 -1.7654 -0.3512 0.0000
154 0.0000 0.0000 0.5000
155 -1.7654 -0.3512 0.5000
156 -1.8000 -0.0000 0.5000
157 -1.7654 -0.3512 0.0000
158 -1.8000 -0.0000 0.0000
159 -1.8000 -0.0000 0.5000
160 -1.7654 -0.3512 0.5000
161 0.0000 0.0000 0.0000
162 -1.7654 0.3512 0.0000
163 -1.8000 -0.0000 0.0000
164 0.0000 0.0000 0.5000
165 -1.8000 -0.0000 0.5000
166 -1.7654 0.3512 0.5000
167 -1.8000 -0.0000 0.0000
168 -1.7654 0.3512 0.0000
169 -1.7654 0.3512 0.5000
170 -1.8000 -0.0000 0.5000
171 0.0000 0.0000 0.0000
172 -1.6630 0.6888 0.0000
173 -1.7654 0.3512 0.0000
174 0.0000 0.0000 0.5000
175 -1.7654 0.3512 0.5000
176 -1.6630 0.6888 0.5000
177 -1.7654 0.3512 0.0000
178 -1.6630 0.6888 0.0000
179 -1.6630 0.6888 0.5000
180 -1.7654 0.3512 0.5000
181 0.0000 0.0000 0.0000
182 -1.4966 1.0000 0.0000
183 -1.6630 0.6888 0.0000
184 0.0000 0.0000 0.5000
185 -1.6630 0.6888 0.5000
186 -1.4966 1.0000 0.5000
187 -1.6630 0.6888 0.0000
188 -1.4966 1.0000 0.0000
189 -1.4966 1.0000 0.5000
190 -1.6630 0.6888 0.5000
191 0.0000 0.0000 0.0000
192 -1.2728 1.2728 0.0000
193 -1.4966 1.0000 0.0000
194 0.0000 0.0000 0.5000
195 -1.4966 1.0000 0.5000
196 -1.2728 1.2728 0.5000
197 -1.4966 1.0000 0.0000
198 -1.2728 1.2728 0.0000
199 -1.2728 1.2728 0.5000
200 -1.4966 1.0000 0.5000
201 0.0000 0.0000 0.0000
202 -1.0000 1.4966 0.0000
203 -1.2728 1.2728 0.0000
204 0.0000 0.0000 0.5000
205 -1.2728 1.2728 0.5000
206 -1.0000 1.4966 0.5000
207 -1.2728 1.2728 0.0000
208 -1.0000 1.4966 0.0000
209 -1.0000 1.4966 0.5000
210 -1.2728 1.2728 0.5000
211 0.0000 0.0000 0.0000
212 -0.6888 1.6630 0.0000
213 -1.0000 1.4966 0.0000
214 0.0000 0.0000 0.5000
215 -1.0000 1.4966 0.5000
216 -0.6888 1.6630 0.5000
217 -1.0000 1.4966 0.0000
218 -0.6888 1.6630 0.0000
219 -0.6888 1.6630 0.5000
220 -1.0000 1.4966 0.5000
221 0.0000 0.0000 0.0000
222 -0.3512 1.7654 0.0000
223 -0.6888 1.6630 0.0000
224 0.0000 0.0000 0.5000
225 -0.6888 1.6630 0.5000
226 -0.3512 1.7654 0.5000
227 -0.6888 1.6630 0.0000
228 -0.3512 1.7654 0.0000
229 -0.3512 1.7654 0.5000
230 -0.6888 1.6630 0.5000
231 0.0000 0.0000 0.0000
232 -0.0000 1.8000 0.0000
233 -0.3512 1.7654 0.0000
234 0.0000 0.0000 0.5000
235 -0.3512 1.7654 0.5000
236 -0.0000 1.8000 0.5000
237 -0.3512 1.7654 0.0000
238 -0.0000 1.8000 0.0000
239 -0.0000 1.8000 0.5000
240 -0.3512 1.7654 0.5000
241 0.0000 0.0000 0.0000
242 0.3512 1.7654 0.0000
243 -0.0000 1.8000 0.0000
244 0.0000 0.0000 0.5000
245 -0.0000 1.8000 0.5000
246 0.3512 1.7654 0.5000
247 -0.0000 1.8000 0.0000
248 0.3512 1.7654 0.0000
249 0.3512 1.7654 0.5000
250 -0.0000 1.8000 0.5000
251 0.0000 0.0000 0.0000
252 0.6888 1.6630 0.0000
253 0.3512 1.7654 0.0000
254 0.0000 0.0000 0.5000
255 0.3512 1.7654 0.5000
256 0.6888 1.6630 0.5000
257 0.3512 1.7654 0.0000
258 0.6888 1.6630 0.0000
259 0.6888 1.6630 0.5000
260 0.3512 1.7654 0.5000
261 0.0000 0.0000 0.0000
262 1.0000 1.4966 0.0000
263 0.6888 1.6630 0.0000
264 0.0000 0.0000 0.5000
265 0.6888 1.6630 0.5000
266 1.0000 1.4966 0.5000
267 0.6888 1.6630 0.0000
268 1.0000 1.4966 0.0000
269 1.0000 1.4966 0.5000
270 0.6888 1.6630 0.5000
271 0.0000 0.0000 0.0000
272 1.2728 1.2728 0.0000
273 1.0000 1.4966 0.0000
274 0.0000 0.0000 0.5000
275 1.0000 1.4966 0.5000
276 1.2728 1.2728 0.5000
277 1.0000 1.4966 0.0000
278 1.2728 1.2728 0.0000
279 1.2728 1.2728 0.5000
280 1.0000 1.4966 0.5000
281 0.0000 0.0000 0.0000
282 1.4966 1.0000 0.0000
283 1.2728 1.2728 0.0000
284 0.0000 0.0000 0.5000
285 1.2728 1.2728 0.5000
286 1.4966 1.0000 0.5000
287 1.2728 1.2728 0.0000
288 1.4966 1.0000 0.0000
289 1.4966 1.0000 0.5000
290 1.2728 1.2728 0.5000
291 0.0000 0.0000 0.0000
292 1.6630 0.6888 0.0000
293 1.4966 1.0000 0.0000
294 0.0000 0.0000 0.5000
295 1.4966 1.0000 0.5000
296 1.6630 0.6888 0.5000
297 1.4966 1.0000 0.0000
298 1.6630 0.6888 0.0000
299 1.6630 0.6888 0.5000
300 1.4966 1.0000 0.5000
301 0.0000 0.0000 0.0000
302 1.7654 0.3512 0.0000
303 1.6630 0.6888 0.0000
304 0.0000 0.0000 0.5000
305 1.6630 0.6888 0.5000
306 1.7654 0.3512 0.5000
307 1.6630 0.6888 0.0000
308 1.7654 0.3512 0.0000
309 1.7654 0.3512 0.5000
310 1.6630 0.6888 0.5000
311 0.0000 0.0000 0.0000
312 1.8000 0.0000 0.0000
313 1.7654 0.3512 0.0000
314 0.0000 0.0000 0.5000
315 1.7654 0.3512 0.5000
316 1.8000 0.0000 0.5000
317 1.7654 0.3512 0.0000
318 1.8000 0.0000 0.0000
319 1.8000 0.0000 0.5000
320 1.7654 0.3512 0.5000
321 -6.0000 -0.0000 0.0000
322 -6.0000 -0.5004 0.0000
323 -5.5000 0.7080 0.0000
324 -5.5000 0.0000 0.0000
325 -6.0000 -0.0000 0.5000
326 -5.5000 0.0000 0.5000
327 -5.5000 0.7080 0.5000
328 -6.0000 -0.5004 0.5000
329 -6.0000 -0.5004 0.0000
330 -6.0000 -0.5004 0.5000
331 -5.5000 0.7080 0.5000
332 -5.5000 0.7080 0.0000
333 -6.0000 -0.0000 0.0000
334 -5.5000 0.0000 0.0000
335 -5.5000 0.0000 0.5000
336 -6.0000 -0.0000 0.5000
337 -6.0000 -0.0000 0.0000
338 -6.0000 -0.0000 0.5000
339 -6.0000 -0.5004 0.5000
340 -6.0000 -0.5004 0.0000
341 -5.5000 0.0000 0.0000
342 -5.5000 0.7080 0.0000
343 -5.0000 0.8975 0.0000
344 -5.0000 0.0000 0.0000
345 -5.5000 0.0000 0.5000
346 -5.0000 0.0000 0.5000
347 -5.0000 0.8975 0.5000
348 -5.5000 0.7080 0.5000
349 -5.5000 0.7080 0.0000
350 -5.5000 0.7080 0.5000
351 -5.0000 0.8975 0.5000
352 -5.0000 0.8975 0.0000
353 -5.5000 0.0000 0.0000
354 -5.0000 0.0000 0.0000
355 -5.0000 0.0000 0.5000
356 -5.5000 0.0000 0.5000
357 -5.0000 0.0000 0.0000
358 -5.0000 0.8975 0.0000
359 -4.5000 1.0690 0.0000
360 -4.5000 0.0000 0.0000
361 -5.0000 0.0000 0.5000
362 -4.5000 0.0000 0.5000
363 -4.5000 1.0690 0.5000
364 -5.0000 0.8975 0.5000
365 -5.0000 0.8975 0.0000
366 -5.0000 0.8975 0.5000
367 -4.5000 1.0690 0.5000
368 -4.5000 1.0690 0.0000
369 -5.0000 0.0000 0.0000
370 -4.5000 0.0000 0.0000
371 -4.5000 0.0000 0.5000
372 -5.0000 0.0000 0.5000
373 -4.5000 0.0000 0.0000
374 -4.5000 1.0690 0.0000
375 -4.0000 1.2224 0.0000
376 -4.0000 0.0000 0.0000
377 -4.5000 0.0000 0.5000
378 -4.0000 0.0000 0.5000
379 -4.0000 1.2224 0.5000
380 -4.5000 1.0690 0.5000
381 -4.5000 1.0690 0.0000
382 -4.5000 1.0690 0.5000
383 -4.0000 1.2224 0.5000
384 -4.0000 1.2224 0.0000
385 -4.5000 0.0000 0.0000
386 -4.0000 0.0000 0.0000
387 -4.0000 0.0000 0.5000
388 -4.5000 0.0000 0.5000
389 -4.0000 0.0000 0.0000
390 -4.0000 1.2224 0.0000
391 -3.5000 1.3578 0.0000
392 -3.5000 0.0000 0.0000
393 -4.0000 0.0000 0.5000
394 -3.5000 0.0000 0.5000
395 -3.5000 1.3578 0.5000
396 -4.0000 1.2224 0.5000
397 -4.0000 1.2224 0.0000
398 -4.0000 1.2224 0.5000
399 -3.5000 1.3578 0.5000
400 -3.5000 1.3578 0.0000
401 -4.0000 0.0000 0.0000
402 -3.5000 0.0000 0.0000
403 -3.5000 0.0000 0.5000
404 -4.0000 0.0000 0.5000
405 -3.5000 0.0000 0.0000
406 -3.5000 1.3578 0.0000
407 -3.0000 1.4751 0.0000
408 -3.0000 0.0000 0.0000
409 -3.5000 0.0000 0.5000
410 -3.0000 0.0000 0.5000
411 -3.0000 1.4751 0.5000
412 -3.5000 1.3578 0.5000
413 -3.5000 1.3578 0.0000
414 -3.5000 1.3578 0.5000
415 -3.0000 1.4751 0.5000
416 -3.0000 1.4751 0.0000
417 -3.5000 0.0000 0.0000
418 -3.0000 0.0000 0.0000
419 -3.0000 0.0000 0.5000
420 -3.5000 0.0000 0.5000
421 -3.0000 0.0000 0.0000
422 -3.0000 1.4751 0.0000
423 -2.5000 1.5744 0.0000
424 -2.5000 0.0000 0.0000
425 -3.0000 0.0000 0.5000
426 -2.5000 0.0000 0.5000
427 -2.5000 1.5744 0.5000
428 -3.0000 1.4751 0.5000
429 -3.0000 1.4751 0.0000
430 -3.0000 1.4751 0.5000
431 -2.5000 1.5744 0.5000
432 -2.5000 1.5744 0.0000
433 -3.0000 0.0000 0.0000
434 -2.5000 0.0000 0.0000
435 -2.5000 0.0000 0.5000
436 -3.0000 0.0000 0.5000
437 -2.5000 0.0000 0.0000
438 -2.5000 1.5744 0.0000
439 -2.0000 1.6556 0.0000
440 -2.0000 0.0000 0.0000
441 -2.5000 0.0000 0.5000
442 -2.0000 0.0000 0.5000
443 -2.0000 1.6556 0.5000
444 -2.5000 1.5744 0.5000
445 -2.5000 1.5744 0.0000
446 -2.5000 1.5744 0.5000
447 -2.0000 1.6556 0.5000
448 -2.0000 1.6556 0.0000
449 -2.5000 0.0000 0.0000
450 -2.0000 0.0000 0.0000
451 -2.0000 0.0000 0.5000
452 -2.5000 0.0000 0.5000
453 -2.0000 0.0000 0.0000
454 -2.0000 1.6556 0.0000
455 -1.5000 1.7188 0.0000
456 -1.5000 0.0000 0.0000
457 -2.0000 0.0000 0.5000
458 -1.5000 0.0000 0.5000
459 -1.5000 1.7188 0.5000
460 -2.0000 1.6556 0.5000
461 -2.0000 1.6556 0.0000
462 -2.0000 1.6556 0.5000
463 -1.5000 1.7188 0.5000
464 -1.5000 1.7188 0.0000
465 -2.0000 0.0000 0.0000
466 -1.5000 0.0000 0.0000
467 -1.5000 0.0000 0.5000
468 -2.0000 0.0000 0.5000
469 -1.5000 0.0000 0.0000
470 -1.5000 1.7188 0.0000
471 -1.0000 1.7639 0.0000
472 -1.0000 0.0000 0.0000
473 -1.5000 0.0000 0.5000
474 -1.0000 0.0000 0.5000
475 -1.0000 1.7639 0.5000
476 -1.5000 1.7188 0.5000
477 -1.5000 1.7188 0.0000
478 -1.5000 1.7188 0.5000
479 -1.0000 1.7639 0.5000
480 -1.0000 1.7639 0.0000
481 -1.5000 0.0000 0.0000
482 -1.0000 0.0000 0.0000
483 -1.0000 0.0000 0.5000
484 -1.5000 0.0000 0.5000
485 -1.0000 0.0000 0.0000
486 -1.0000 1.7639 0.0000
487 -0.5000 1.7910 0.0000
488 -0.5000 0.0000 0.0000
489 -1.0000 0.0000 0.5000
490 -0.5000 0.0000 0.5000
491 -0.5000 1.7910 0.5000
492 -1.0000 1.7639 0.5000
493 -1.0000 1.7639 0.0000
494 -1.0000 1.7639 0.5000
495 -0.5000 1.7910 0.5000
496 -0.5000 1.7910 0.0000
497 -1.0000 0.0000 0.0000
498 -0.5000 0.0000 0.0000
499 -0.5000 0.0000 0.5000
500 -1.0000 0.0000 0.5000
501 -0.5000 0.0000 0.0000
502 -0.5000 1.7910 0.0000
503 0.0000 -1.8000 0.0000
504 0.0000 -0.0000 0.0000
505 -0.5000 0.0000 0.5000
506 0.0000 -0.0000 0.5000
507 0.0000 -1.8000 0.5000
508 -0.5000 1.7910 0.5000
509 -0.5000 1.7910 0.0000
510 -0.5000 1.7910 0.5000
511 0.0000 -1.8000 0.5000
512 0.0000 -1.8000 0.0000
513 -0.5000 0.0000 0.0000
514 0.0000 -0.0000 0.0000
515 0.0000 -0.0000 0.5000
516 -0.5000 0.0000 0.5000
517 0.0000 -0.0000 0.0000
518 0.0000 -1.8000 0.0000
519 0.0000 -1.8000 0.5000
520 0.0000 -0.0000 0.5000
521 0.0000 1.8000 0.0000
522 0.0000 -0.0000 0.0000
523 0.6000 0.0001 0.0000
524 0.6000 -1.7749 0.0000
525 0.0000 1.8000 0.5000
526 0.6000 -1.7749 0.5000
527 0.6000 0.0001 0.5000
528 0.0000 -0.0000 0.5000
529 0.0000 -0.0000 0.0000
530 0.0000 -0.0000 0.5000
531 0.6000 0.0001 0.5000
532 0.6000 0.0001 0.0000
533 0.0000 1.8000 0.0000
534 0.6000 -1.7749 0.0000
535 0.6000 -1.7749 0.5000
536 0.0000 1.8000 0.5000
537 0.0000 1.8000 0.0000
538 0.0000 1.8000 0.5000
539 0.0000 -0.0000 0.5000
540 0.0000 -0.0000 0.0000
541 0.6000 -1.7749 0.0000
542 0.6000 0.0001 0.0000
543 1.2000 -0.0028 0.0000
544 1.2000 -1.7528 0.0000
545 0.6000 -1.7749 0.5000
546 1.2000 -1.7528 0.5000
547 1.2000 -0.0028 0.5000
548 0.6000 0.0001 0.5000
549 0.6000 0.0001 0.0000
550 0.6000 0.0001 0.5000
551 1.2000 -0.0028 0.5000
552 1.2000 -0.0028 0.0000
553 0.6000 -1.7749 0.0000
554 1.2000 -1.7528 0.0000
555 1.2000 -1.7528 0.5000
556 0.6000 -1.7749 0.5000
557 1.2000 -1.7528 0.0000
558 1.2000 -0.0028 0.0000
559 1.8000 -0.0118 0.0000
560 1.8000 -1.7368 0.0000
561 1.2000 -1.7528 0.5000
562 1.8000 -1.7368 0.5000
563 1.8000 -0.0118 0.5000
564 1.2000 -0.0028 0.5000
565 1.2000 -0.0028 0.0000
566 1.2000 -0.0028 0.5000
567 1.8000 -0.0118 0.5000
568 1.8000 -0.0118 0.0000
569 1.2000 -1.7528 0.0000
570 1.8000 -1.7368 0.0000
571 1.8000 -1.7368 0.5000
572 1.2000 -1.7528 0.5000
573 1.8000 -1.7368 0.0000
574 1.8000 -0.0118 0.0000
575 2.4000 -0.0298 0.0000
576 2.4000 -1.7298 0.0000
577 1.8000 -1.7368 0.5000
578 2.4000 -1.7298 0.5000
579 2.4000 -0.0298 0.5000
580 1.8000 -0.0118 0.5000
581 1.8000 -0.0118 0.0000
582 1.8000 -0.0118 0.5000
583 2.4000 -0.0298 0.5000
584 2.4000 -0.0298 0.0000
585 1.8000 -1.7368 0.0000
586 2.4000 -1.7298 0.0000
587 2.4000 -1.7298 0.5000
588 1.8000 -1.7368 0.5000
589 2.4000 -1.7298 0.0000
590 2.4000 -0.0298 0.0000
591 3.0000 -0.0593 0.0000
592 3.0000 -1.7343 0.0000
593 2.4000 -1.7298 0.5000
594 3.0000 -1.7343 0.5000
595 3.0000 -0.0593 0.5000
596 2.4000 -0.0298 0.5000
597 2.4000 -0.0298 0.0000
598 2.4000 -0.0298 0.5000
599 3.0000 -0.0593 0.5000
600 3.0000 -0.0593 0.0000
601 2.4000 -1.7298 0.0000
602 3.0000 -1.7343 0.0000
603 3.0000 -1.7343 0.5000
604 2.4000 -1.7298 0.5000
605 3.0000 -1.7343 0.0000
606 3.0000 -0.0593 0.0000
607 3.6000 -0.1028 0.0000
608 3.6000 -1.7528 0.0000
609 3.0000 -1.7343 0.5000
610 3.6000 -1.7528 0.5000
611 3.6000 -0.1028 0.5000
612 3.0000 -0.0593 0.5000
613 3.0000 -0.0593 0.0000
614 3.0000 -0.0593 0.5000
615 3.6000 -0.1028 0.5000
616 3.6000 -0.1028 0.0000
617 3.0000 -1.7343 0.0000
618 3.6000 -1.7528 0.0000
619 3.6000 -1.7528 0.5000
620 3.0000 -1.7343 0.5000
621 3.6000 -1.7528 0.0000
622 3.6000 -0.1028 0.0000
623 4.2000 -0.1622 0.0000
624 4.2000 -1.7872 0.0000
625 3.6000 -1.7528 0.5000
626 4.2000 -1.7872 0.5000
627 4.2000 -0.1622 0.5000
628 3.6000 -0.1028 0.5000
629 3.6000 -0.1028 0.0000
630 3.6000 -0.1028 0.5000
631 4.2000 -0.1622 0.5000
632 4.2000 -0.1622 0.0000
633 3.6000 -1.7528 0.0000
634 4.2000 -1.7872 0.0000
635 4.2000 -1.7872 0.5000
636 3.6000 -1.7528 0.5000
637 4.2000 -1.7872 0.0000
638 4.2000 -0.1622 0.0000
639 4.8000 -0.2392 0.0000
640 4.8000 -1.8392 0.0000
641 4.2000 -1.7872 0.5000
642 4.8000 -1.8392 0.5000
643 4.8000 -0.2392 0.5000
644 4.2000 -0.1622 0.5000
645 4.2000 -0.1622 0.0000
646 4.2000 -0.1622 0.5000
647 4.8000 -0.2392 0.5000
648 4.8000 -0.2392 0.0000
649 4.2000 -1.7872 0.0000
650 4.8000 -1.8392 0.0000
651 4.8000 -1.8392 0.5000
652 4.2000 -1.7872 0.5000
653 4.8000 -1.8392 0.0000
654 4.8000 -0.2392 0.0000
655 5.4000 -0.3348 0.0000
656 5.4000 -1.9098 0.0000
657 4.8000 -1.8392 0.5000
658 5.4000 -1.9098 0.5000
659 5.4000 -0.3348 0.5000
660 4.8000 -0.2392 0.5000
661 4.8000 -0.2392 0.0000
662 4.8000 -0.2392 0.5000
663 5.4000 -0.3348 0.5000
664 5.4000 -0.3348 0.0000
665 4.8000 -1.8392 0.0000
666 5.4000 -1.9098 0.0000
667 5.4000 -1.9098 0.5000
668 4.8000 -1.8392 0.5000
669 5.4000 -1.9098 0.0000
670 5.4000 -0.3348 0.0000
671 6.0000 -0.4500 0.0000
672 6.0000 -2.0000 0.0000
673 5.4000 -1.9098 0.5000
674 6.0000 -2.0000 0.5000
675 6.0000 -0.4500 0.5000
676 5.4000 -0.3348 0.5000
677 5.4000 -0.3348 0.0000
678 5.4000 -0.3348 0.5000
679 6.0000 -0.4500 0.5000
680 6.0000 -0.4500 0.0000
681 5.4000 -1.9098 0.0000
682 6.0000 -2.0000 0.0000
683 6.0000 -2.0000 0.5000
684 5.4000 -1.9098 0.5000
685 6.0000 -2.0000 0.0000
686 6.0000 -0.4500 0.0000
687 6.6000 -0.5848 0.0000
688 6.6000 -2.1098 0.0000
689 6.0000 -2.0000 0.5000
690 6.6000 -2.1098 0.5000
691 6.6000 -0.5848 0.5000
692 6.0000 -0.4500 0.5000
693 6.0000 -0.4500 0.0000
694 6.0000 -0.4500 0.5000
695 6.6000 -0.5848 0.5000
696 6.6000 -0.5848 0.0000
697 6.0000 -2.0000 0.0000
698 6.6000 -2.1098 0.0000
699 6.6000 -2.1098 0.5000
700 6.0000 -2.0000 0.5000
701 6.6000 -2.1098 0.0000
702 6.6000 -0.5848 0.0000
703 7.2000 -0.7392 0.0000
704 7.2000 -2.2392 0.0000
705 6.6000 -2.1098 0.5000
706 7.2000 -2.2392 0.5000
707 7.2000 -0.7392 0.5000
708 6.6000 -0.5848 0.5000
709 6.6000 -0.5848 0.0000
710 6.6000 -0.5848 0.5000
711 7.2000 -0.7392 0.5000
712 7.2000 -0.7392 0.0000
713 6.6000 -2.1098 0.0000
714 7.2000 -2.2392 0.0000
715 7.2000 -2.2392 0.5000
716 6.6000 -2.1098 0.5000
717 7.2000 -2.2392 0.0000
718 7.2000 -0.7392 0.0000
719 7.8000 -0.9122 0.0000
720 7.8000 -2.3872 0.0000
721 7.2000 -2.2392 0.5000
722 7.8000 -2.3872 0.5000
723 7.8000 -0.9122 0.5000
724 7.2000 -0.7392 0.5000
725 7.2000 -0.7392 0.0000
726 7.2000 -0.7392 0.5000
727 7.8000 -0.9122 0.5000
728 7.8000 -0.9122 0.0000
729 7.2000 -2.2392 0.0000
730 7.8000 -2.3872 0.0000
731 7.8000 -2.3872 0.5000
732 7.2000 -2.2392 0.5000
733 7.8000 -2.3872 0.0000
734 7.8000 -0.9122 0.0000
735 8.4000 -1.1028 0.0000
736 8.4000 -2.5528 0.0000
737 7.8000 -2.3872 0.5000
738 8.4000 -2.5528 0.5000
739 8.4000 -1.1028 0.5000
740 7.8000 -0.9122 0.5000
741 7.8000 -0.9122 0.0000
742 7.8000 -0.9122 0.5000
743 8.4000 -1.1028 0.5000
744 8.4000 -1.1028 0.0000
745 7.8000 -2.3872 0.0000
746 8.4000 -2.5528 0.0000
747 8.4000 -2.5528 0.5000
748 7.8000 -2.3872 0.5000
749 8.4000 -2.5528 0.0000
750 8.4000 -1.1028 0.0000
751 9.0000 -1.3093 0.0000
752 9.0000 -2.7343 0.0000
753 8.4000 -2.5528 0.5000
754 9.0000 -2.7343 0.5000
755 9.0000 -1.3093 0.5000
756 8.4000 -1.1028 0.5000
757 8.4000 -1.1028 0.0000
758 8.4000 -1.1028 0.5000
759 9.0000 -1.3093 0.5000
760 9.0000 -1.3093 0.0000
761 8.4000 -2.5528 0.0000
762 9.0000 -2.7343 0.0000
763 9.0000 -2.7343 0.5000
764 8.4000 -2.5528 0.5000
765 9.0000 -2.7343 0.0000
766 9.0000 -1.3093 0.0000
767 9.6000 -1.5298 0.0000
768 9.6000 -2.9298 0.0000
769 9.0000 -2.7343 0.5000
770 9.6000 -2.9298 0.5000
771 9.6000 -1.5298 0.5000
772 9.0000 -1.3093 0.5000
773 9.0000 -1.3093 0.0000
774 9.0000 -1.3093 0.5000
775 9.6000 -1.5298 0.5000
776 9.6000 -1.5298 0.0000
777 9.0000 -2.7343 0.0000
778 9.6000 -2.9298 0.0000
779 9.6000 -2.9298 0.5000
780 9.0000 -2.7343 0.5000
781 9.6000 -2.9298 0.0000
782 9.6000 -1.5298 0.0000
783 10.2000 -1.7618 0.0000
784 10.2000 -3.1368 0.0000
785 9.6000 -2.9298 0.5000
786 10.2000 -3.1368 0.5000
787 10.2000 -1.7618 0.5000
788 9.6000 -1.5298 0.5000
789 9.6000 -1.5298 0.0000
790 9.6000 -1.5298 0.5000
791 10.2000 -1.7618 0.5000
792 10.2000 -1.7618 0.0000
793 9.6000 -2.9298 0.0000
794 10.2000 -3.1368 0.0000
795 10.2000 -3.1368 0.5000
796 9.6000 -2.9298 0.5000
797 10.2000 -3.1368 0.0000
798 10.2000 -1.7618 0.0000
799 10.8000 -2.0028 0.0000
800 10.8000 -3.3528 0.0000
801 10.2000 -3.1368 0.5000
802 10.8000 -3.3528 0.5000
803 10.8000 -2.0028 0.5000
804 10.2000 -1.7618 0.5000
805 10.2000 -1.7618 0.0000
806 10.2000 -1.7618 0.5000
807 10.8000 -2.0028 0.5000
808 10.8000 -2.0028 0.0000
809 10.2000 -3.1368 0.0000
810 10.8000 -3.3528 0.0000
811 10.8000 -3.3528 0.5000
812 10.2000 -3.1368 0.5000
813 10.8000 -3.3528 0.0000
814 10.8000 -2.0028 0.0000
815 11.4000 -2.2499 0.0000
816 11.4000 -3.5749 0.0000
817 10.8000 -3.3528 0.5000
818 11.4000 -3.5749 0.5000
819 11.4000 -2.2499 0.5000
820 10.8000 -2.0028 0.5000
821 10.8000 -2.0028 0.0000
822 10.8000 -2.0028 0.5000
823 11.4000 -2.2499 0.5000
824 11.4000 -2.2499 0.0000
825 10.8000 -3.3528 0.0000
826 11.4000 -3.5749 0.0000
827 11.4000 -3.5749 0.5000
828 10.8000 -3.3528 0.5000
829 11.4000 -3.5749 0.0000
830 11.4000 -2.2499 0.0000
831 12.0000 2.5000 0.0000
832 12.0000 3.8000 0.0000
833 11.4000 -3.5749 0.5000
834 12.0000 3.8000 0.5000
835 12.0000 2.5000 0.5000
836 11.4000 -2.2499 0.5000
837 11.4000 -2.2499 0.0000
838 11.4000 -2.2499 0.5000
839 12.0000 2.5000 0.5000
840 12.0000 2.5000 0.0000
841 11.4000 -3.5749 0.0000
842 12.0000 3.8000 0.0000
843 12.0000 3.8000 0.5000
844 11.4000 -3.5749 0.5000
845 12.0000 3.8000 0.0000
846 12.0000 2.5000 0.0000
847 12.0000 2.5000 0.5000
848 12.0000 3.8000 0.5000
849 5.8000 0.4500 0.0000
850 6.2000 0.4500 0.0000
851 6.2000 -0.0000 0.0000
852 5.8000 -0.0000 0.0000
853 5.8000 0.4500 0.5000
854 6.2000 0.4500 0.5000
855 6.2000 -0.0000 0.5000
856 5.8000 -0.0000 0.5000
Faces:
3 2 1 .
6 5 4 .
10 9 8 7 .
13 12 11 .
16 15 14 .
20 19 18 17 .
23 22 21 .
26 25 24 .
30 29 28 27 .
33 32 31 .
36 35 34 .
40 39 38 37 .
43 42 41 .
46 45 44 .
50 49 48 47 .
53 52 51 .
56 55 54 .
60 59 58 57 .
63 62 61 .
66 65 64 .
70 69 68 67 .
73 72 71 .
76 75 74 .
80 79 78 77 .
83 82 81 .
86 85 84 .
90 89 88 87 .
93 92 91 .
96 95 94 .
100 99 98 97 .
103 102 101 .
106 105 104 .
110 109 108 107 .
113 112 111 .
116 115 114 .
120 119 118 117 .
123 122 121 .
126 125 124 .
130 129 128 127 .
133 132 131 .
136 135 134 .
140 139 138 137 .
143 142 141 .
146 145 144 .
150 149 148 147 .
153 152 151 .
156 155 154 .
160 159 158 157 .
163 162 161 .
166 165 164 .
170 169 168 167 .
173 172 171 .
176 175 174 .
180 179 178 177 .
183 182 181 .
186 185 184 .
190 189 188 187 .
193 192 191 .
196 195 194 .
200 199 198 197 .
203 202 201 .
206 205 204 .
210 209 208 207 .
213 212 211 .
216 215 214 .
220 219 218 217 .
223 222 221 .
226 225 224 .
230 229 228 227 .
233 232 231 .
236 235 234 .
240 239 238 237 .
243 242 241 .
246 245 244 .
250 249 248 247 .
253 252 251 .
256 255 254 .
260 259 258 257 .
263 262 261 .
266 265 264 .
270 269 268 267 .
273 272 271 .
276 275 274 .
280 279 278 277 .
283 282 281 .
286 285 284 .
290 289 288 287 .
293 292 291 .
296 295 294 .
300 299 298 297 .
303 302 301 .
306 305 304 .
310 309 308 307 .
313 312 311 .
316 315 314 .
320 319 318 317 .
324 323 322 321 .
328 327 326 325 .
332 331 330 329 .
336 335 334 333 .
340 339 338 337 .
344 343 342 341 .
348 347 346 345 .
352 351 350 349 .
356 355 354 353 .
360 359 358 357 .
364 363 362 361 .
368 367 366 365 .
372 371 370 369 .
376 375 374 373 .
380 379 378 377 .
384 383 382 381 .
388 387 386 385 .
392 391 390 389 .
396 395 394 393 .
400 399 398 397 .
404 403 402 401 .
408 407 406 405 .
412 411 410 409 .
416 415 414 413 .
420 419 418 417 .
424 423 422 421 .
428 427 426 425 .
432 431 430 429 .
436 435 434 433 .
440 439 438 437 .
444 443 442 441 .
448 447 446 445 .
452 451 450 449 .
456 455 454 453 .
460 459 458 457 .
464 463 462 461 .
468 467 466 465 .
472 471 470 469 .
476 475 474 473 .
480 479 478 477 .
484 483 482 481 .
488 487 486 485 .
492 491 490 489 .
496 495 494 493 .
500 499 498 497 .
504 503 502 501 .
508 507 506 505 .
512 511 510 509 .
516 515 514 513 .
520 519 518 517 .
524 523 522 521 .
528 527 526 525 .
532 531 530 529 .
536 535 534 533 .
540 539 538 537 .
544 543 542 541 .
548 547 546 545 .
552 551 550 549 .
556 555 554 553 .
560 559 558 557 .
564 563 562 561 .
568 567 566 565 .
572 571 570 569 .
576 575 574 573 .
580 579 578 577 .
584 583 582 581 .
588 587 586 585 .
592 591 590 589 .
596 595 594 593 .
600 599 598 597 .
604 603 602 601 .
608 607 606 605 .
612 611 610 609 .
616 615 614 613 .
620 619 618 617 .
624 623 622 621 .
628 627 626 625 .
632 631 630 629 .
636 635 634 633 .
640 639 638 637 .
644 643 642 641 .
648 647 646 645 .
652 651 650 649 .
656 655 654 653 .
660 659 658 657 .
664 663 662 661 .
668 667 666 665 .
672 671 670 669 .
676 675 674 673 .
680 679 678 677 .
684 683 682 681 .
688 687 686 685 .
692 691 690 689 .
696 695 694 693 .
700 699 698 697 .
704 703 702 701 .
708 707 706 705 .
712 711 710 709 .
716 715 714 713 .
720 719 718 717 .
724 723 722 721 .
728 727 726 725 .
732 731 730 729 .
736 735 734 733 .
740 739 738 737 .
744 743 742 741 .
748 747 746 745 .
752 751 750 749 .
756 755 754 753 .
760 759 758 757 .
764 763 762 761 .
768 767 766 765 .
772 771 770 769 .
776 775 774 773 .
780 779 778 777 .
784 783 782 781 .
788 787 786 785 .
792 791 790 789 .
796 795 794 793 .
800 799 798 797 .
804 803 802 801 .
808 807 806 805 .
812 811 810 809 .
816 815 814 813 .
820 819 818 817 .
824 823 822 821 .
828 827 826 825 .
832 831 830 829 .
836 835 834 833 .
840 839 838 837 .
844 843 842 841 .
848 847 846 845 .
852 851 850 849 .
854 855 856 853 .
850 854 853 849 .
856 855 851 852 .
853 856 852 849 .
851 855 854 850 .
